53368.1627
46632.1627
53268.1782
46732.1782
53316.1782
53201.1782
53225.1782
53314.1782
53350.1627
53222.1782
46684.1782
46775.1782
46650.1627
53262.1782
46738.1782
53307.1782
46693.1782
53258.1782
46742.1782
53315.1782
53213.1782
46787.1782
53242.1782
53352.1627
53205.1782
46758.1782
46795.1782
53371.1627
53210.1782
53373.1627
46790.1782
46627.1627
53338.1107
53221.1782
53267.1782
53348.1627
46652.1627
46733.1782
53254.1782
46746.1782
46637.1627
53290.1782
46710.1782
53218.1782
53327.1782
53229.1782
46771.1782
53345.1627
53297.1782
46703.1782
53355.1627
46645.1627
53239.1782
46761.1782
53353.1627
46647.1627
53231.1782
46769.1782
46643.1627
53212.1782
53265.1782
53235.1782
46735.1782
46765.1782
53322.1782
53303.1782
46697.1782
53236.1782
53227.1782
53248.1782
46752.1782
46773.1782
46662.1107
53215.1782
46785.1782
53240.1782
53280.1782
53328.1782
53310.1782
53319.1782
53298.1782
46681.1782
46702.1782
53259.1782
46672.1782
53233.1782
46767.1782
53302.1782
53289.1782
53232.1782
46698.1782
46768.1782
46741.1782
53317.1782
46683.1782
53234.1782
46766.1782
53273.1782
46727.1782
53359.1627
46641.1627
53285.1782
53237.1782
46763.1782
53255.1782
53269.1782
53286.1782
46714.1782
53253.1782
53318.1782
46682.1782
46706.1782
53356.1627
53287.1782
46713.1782
53203.1782
46797.1782
53266.1782
53250.1782
53295.1782
53311.1782
46750.1782
53367.1627
53301.1782
46633.1627
46699.1782
53209.1782
53257.1782
53271.1782
46729.1782
46629.1627
53304.1782
46696.1782
53364.1627
46636.1627
53326.1782
46674.1782
53260.1782
46740.1782
53243.1782
53272.1782
53277.1782
46757.1782
53202.1782
53200.1782
46685.1782
46728.1782
46800.1782
53214.1782
53249.1782
53321.1782
53263.1782
46751.1782
46737.1782
46679.1782
53274.1782
46726.1782
53275.1782
46725.1782
53261.1782
46739.1782
46690.1782
53223.1782
53204.1782
53323.1782
46745.1782
53228.1782
46772.1782
53207.1782
53244.1782
46793.1782
53278.1782
46722.1782
46734.1782
53351.1627
53284.1782
46649.1627
46798.1782
53343.1107
53374.1627
46626.1627
53339.1107
46657.1107
46661.1107
53270.1782
46730.1782
46743.1782
53281.1782
46760.1782
46778.1782
53246.1782
46754.1782
46700.1782
53279.1782
53252.1782
46748.1782
53346.1627
46654.1627
53361.1627
46639.1627
53349.1627
53283.1782
53292.1782
53206.1782
46794.1782
53276.1782
53360.1627
46640.1627
46708.1782
53366.1627
53296.1782
53363.1627
46786.1782
53333.1107
46667.1107
53332.1107
53241.1782
46759.1782
46677.1782
53324.1782
46724.1782
46651.1627
53365.1627
46635.1627
53306.1782
46694.1782
53313.1782
53208.1782
46704.1782
53362.1627
53308.1782
46692.1782
53247.1782
53293.1782
46707.1782
53220.1782
53325.1782
46675.1782
46655.1627
46720.1782
40105.1051
34166.1195
40196.1042
40894.1869
37970.1002
6942.1308
49259.1153
26397.1404
27365.1049
28437.1382
29445.1215
93058.1308
71563.1382
65834.1195
59895.1051
59804.1042
59106.1869
53238.1782
53299.1782
46701.1782
53226.1782
46774.1782
46764.1782
53251.1782
46749.1782
53219.1782
53329.1782
46671.1782
45659.1063
16535.1063
16686.1063
17784.1063
23820.1063
14477.1007
85523.1007
13328.1011
8358.1616
91642.1616
46644.1627
53264.1782
53358.1627
46642.1627
46648.1627
27142.1002
27557.1279
14736.1209
17514.1161
25991.1118
26539.1024
46796.1782
72858.1002
73461.1024
85264.1209
46686.1782
53256.1782
46744.1782
46673.1782
53354.1627
46634.1627
53309.1782
46691.1782
53224.1782
46776.1782
53230.1782
46770.1782
53305.1782
46695.1782
46715.1782
53218.1782
46782.1782
46777.1782
46791.1782
46762.1782
46753.1782
53216.1782
46784.1782
53372.1627
46628.1627
53245.1782
53369.1627
46631.1627
53330.1107
53009.1627
52812.1282
53000.1627
52989.1135
52971.1135
52826.1282
52966.1135
52895.1133
53001.1627
53282.1162
53402.1215
53351.1162
53253.1162
53383.1215
53389.1215
53419.1613
53349.1162
53266.1162
53264.1162
60289.1428
60292.1428
60293.1428
60296.1428
60299.1428
60301.1428
60302.1428
60304.1428
60305.1428
60288.1428
60291.1428
60294.1428
60300.1428
60303.1428
60295.1428
60297.1428
60290.1428
60298.1428
53370.1627
53336.1107
53353.1627
53340.1107
53355.1627
46660.1107
53322.1782
53351.1627
53312.1782
53217.1782
53267.1782
46792.1782
53211.1782
53229.1782
53350.1627
53342.1107
53335.1107
53371.1627
53253.1782
53245.1782
53267.1782
46719.1782
46687.1782
53349.1627
53352.1627
53327.1782
53371.1627
53216.1782
55786.1037
44214.1037
55829.1099
55799.1037
55821.1037
55798.1037
55807.1037
55858.1139
55793.1037
55820.1037
55814.1037
55861.1139
55822.1099
55860.1139
55802.1037
56359.1881
56363.1139
56451.1031
56344.1881
56435.1880
56342.1881
56356.1881
56385.1880
43644.1881
56388.1880
43612.1880
43656.1881
56448.1031
56428.1880
56421.1880
56334.1881
56427.1880
56440.1031
56400.1880
56350.1881
56455.1031
56422.1880
56333.1881
56395.1880
56366.1139
56397.1880
56450.1031
56417.1880
56394.1880
43606.1880
56364.1139
56401.1880
56349.1881
56443.1031
56398.1880
56456.1031
56444.1031
56416.1880
56445.1031
56373.1880
56376.1880
56341.1881
56340.1881
56392.1880
56365.1139
56442.1031
56486.1881
56476.1881
56469.1881
43531.1881
56491.1881
56538.1880
56478.1881
56539.1880
56549.1883
56485.1881
56488.1881
56496.1881
56495.1881
56546.1880
56483.1881
56475.1881
43525.1881
56504.1882
56470.1881
56519.1880
56481.1881
56460.1881
56509.1882
56494.1881
56478.1881
56469.1881
56459.1881
56483.1881
56487.1881
56472.1881
56551.1883
56496.1881
56502.1882
56548.1880
56491.1881
56534.1880
56495.1881
56463.1881
56526.1880
56477.1881
56530.1880
56480.1881
56523.1880
56476.1881
56475.1881
56514.1882
56467.1881
56545.1880
56471.1881
56488.1881
56485.1881
56515.1882
56584.1882
56568.1884
56630.1882
56580.1882
56670.1883
56651.1883
56596.1882
56641.1083
56671.1883
56592.1882
43329.1883
56636.1882
56569.1884
56668.1883
56587.1882
56578.1884
56575.1884
56616.1882
56629.1882
56577.1884
56688.1082
56657.1883
56686.1082
56612.1882
56571.1884
43429.1884
43388.1882
56660.1883
56640.1083
56620.1882
56669.1883
43340.1883
56589.1882
56684.1082
56665.1883
43335.1883
56590.1882
56555.1081
56631.1882
56644.1883
56624.1882
56563.1081
56603.1882
56649.1883
56655.1883
56656.1883
56659.1883
56576.1884
56564.1884
56648.1883
56638.1882
56607.1882
43431.1884
56600.1882
43341.1883
43393.1882
43351.1883
43376.1882
56600.1882
43400.1882
56579.1882
56650.1883
56567.1884
56661.1883
56637.1882
43420.1882
56666.1883
56610.1882
56654.1883
43334.1883
56682.1082
56685.1082
56572.1884
56618.1882
56609.1882
56602.1882
43391.1882
56633.1882
56599.1882
56626.1882
43398.1882
56594.1882
43370.1882
56677.1883
43323.1883
56639.1083
56591.1882
43421.1882
56663.1883
56673.1883
43327.1883
56588.1882
56672.1883
43416.1882
56674.1883
56675.1883
56604.1882
56581.1882
56611.1882
56647.1883
43389.1882
56583.1882
43417.1882
56619.1882
56573.1884
56614.1882
56622.1882
56658.1883
56586.1882
56556.1081
56561.1081
56664.1883
56653.1883
56638.1882
56680.1082
43345.1883
56628.1882
56625.1882
43386.1882
43352.1883
56643.1083
43320.1082
56676.1883
56617.1882
56623.1882
56606.1882
56601.1882
56681.1082
56565.1884
43380.1882
43422.1884
56558.1081
56646.1883
56679.1082
56635.1882
56615.1882
43349.1883
43385.1882
56667.1883
43333.1883
56585.1882
56593.1882
56574.1884
43382.1882
56594.1882
43406.1882
56562.1081
56559.1081
56608.1882
56675.1883
56570.1884
56678.1883
43325.1883
56645.1883
56582.1882
56599.1882
43355.1883
43401.1882
56637.1882
43426.1884
56618.1882
56613.1882
56588.1882
43387.1882
56626.1882
56683.1082
43432.1884
43317.1082
56591.1882
56673.1883
56642.1083
56621.1882
43379.1882
56674.1883
56662.1883
56572.1884
56611.1882
56652.1883
56597.1882
43428.1884
56605.1882
43394.1882
56672.1883
43435.1884
43328.1883
43324.1883
56681.1082
56558.1081
43427.1884
56664.1883
56679.1082
56654.1883
56583.1882
56635.1882
56623.1882
56646.1883
56687.1082
56609.1882
56617.1882
43397.1882
56554.1081
56625.1882
56557.1081
56632.1882
56601.1882
56685.1082
43399.1882
43377.1882
56556.1081
56561.1081
56667.1883
56586.1882
43354.1883
31924.1886
43414.1882
59233.1885
28134.1886
27800.1886
32790.1886
56621.1882
43410.1882
43337.1883
56572.1884
56672.1883
56618.1882
56642.1083
56645.1883
56605.1882
56591.1882
43420.1882
27800.1886
59233.1885
56561.1081
56574.1884
56556.1081
59233.1885
56601.1882
56561.1081
56662.1883
56643.1083
56683.1082
56560.1081
27800.1886
59233.1885
56556.1081
59233.1885
56556.1081
59233.1885
56683.1082
56611.1882
27800.1886
59233.1885
56556.1081
43444.1081
40767.1885
43332.1883
56565.1884
56560.1081
56582.1882
56638.1882
56598.1882
43418.1882
56633.1882
56597.1882
43402.1882
56625.1882
43375.1882
56611.1882
56683.1082
56627.1882
56619.1882
56632.1882
56652.1883
56610.1882
56622.1882
43378.1882
56557.1081
56634.1882
56585.1882
43360.1083
56602.1882
56593.1882
56679.1082
56609.1882
56680.1082
56591.1882
56662.1883
43320.1082
56599.1882
56588.1882
56626.1882
56607.1882
56680.1082
43324.1883
56617.1882
56658.1883
56604.1882
56556.1081
56566.1884
43372.1882
43396.1882
56565.1884
56570.1884
43422.1884
56639.1083
43361.1083
56619.1882
43358.1083
43381.1882
56654.1883
56605.1882
56615.1882
56647.1883
43353.1883
56664.1883
56677.1883
56674.1883
56606.1882
56635.1882
56667.1883
56653.1883
56652.1883
56610.1882
56583.1882
56632.1882
43390.1882
56627.1882
56566.1884
56586.1882
56634.1882
56622.1882
56617.1882
56602.1882
43331.1883
43376.1882
43422.1884
56643.1083
56588.1882
56560.1081
51414.1023
51304.1686
48696.1686
54370.1005
54367.1005
54263.1111
54316.1153
54311.1145
45713.1153
54338.1153
54367.1005
54269.1042
54350.1153
54262.1111
54281.1152
54295.1153
54322.1153
54340.1153
54345.1153
54354.1153
54347.1153
54313.1153
54268.1042
54362.1153
54272.1042
54325.1153
54271.1042
54342.1153
54321.1153
54341.1153
54276.1152
54294.1153
54343.1153
54326.1153
45673.1153
54358.1153
54372.1005
54318.1153
54331.1153
54368.1005
54360.1153
54308.1153
54329.1153
54328.1153
54353.1153
54259.1084
54376.1005
54394.1111
54534.1177
54398.1111
54458.1152
54532.1177
54467.1152
45542.1152
45478.1177
54516.1177
54413.1042
45466.1177
54410.1042
54423.1042
54404.1111
54528.1177
54475.1152
54494.1177
54438.1152
54499.1177
54424.1042
54488.1177
54434.1152
54526.1177
54448.1152
54468.1152
54480.1189
54484.1189
54515.1177
54391.1111
54447.1152
54428.1042
54431.1152
54493.1177
54441.1152
54411.1042
54510.1177
45569.1152
54520.1177
54482.1189
54471.1152
45566.1152
54477.1152
54476.1152
45524.1152
54456.1152
54422.1042
54509.1177
45529.1152
45512.1177
54490.1177
54435.1152
54478.1152
45480.1177
54454.1152
54430.1152
45570.1152
54485.1177
54469.1152
54513.1177
54479.1152
54426.1042
54459.1152
54489.1177
54440.1152
54524.1177
54457.1152
54395.1111
54474.1152
54443.1152
54437.1152
54449.1152
45487.1177
54495.1177
54530.1177
54533.1177
54464.1152
54481.1189
54483.1189
54491.1177
54408.1111
54412.1042
54514.1177
54529.1177
45560.1152
54523.1177
54462.1152
54511.1177
54420.1042
45532.1152
54453.1152
54497.1177
54518.1177
45577.1042
54472.1152
45551.1152
45561.1152
54506.1177
54496.1177
54432.1152
54517.1177
45503.1177
54525.1177
54436.1152
54519.1177
54442.1152
54419.1042
54504.1177
45564.1152
54492.1177
54502.1177
54421.1042
54465.1152
54405.1111
45535.1152
54503.1177
45483.1177
45563.1152
45482.1177
45504.1177
54473.1152
45527.1152
54445.1152
54505.1177
45475.1177
54427.1042
45501.1177
54500.1177
45581.1042
54508.1177
45572.1042
54387.1084
54521.1177
54450.1152
54498.1177
54531.1177
54461.1152
54414.1042
54452.1152
54444.1152
54512.1177
54433.1152
45520.1189
54486.1177
54425.1042
45516.1189
54455.1152
54446.1152
45602.1111
54418.1042
54501.1177
54527.1177
45546.1152
54460.1152
45517.1189
54417.1042
45540.1152
45518.1189
45499.1177
45471.1177
45502.1177
54429.1042
45571.1042
54451.1152
54507.1177
54466.1152
45489.1177
45568.1152
45531.1152
45579.1042
45494.1177
45481.1177
45539.1152
45565.1152
45525.1152
45583.1042
45575.1042
54428.1042
45555.1152
45554.1152
45574.1042
45467.1177
45553.1152
45575.1042
45584.1042
45473.1177
45528.1152
45547.1152
45495.1177
45539.1152
54388.1084
54539.1082
54535.1082
45545.1152
54536.1082
54385.1084
54538.1082
45484.1177
54428.1042
45573.1042
45591.1111
45469.1177
45486.1177
45534.1152
45538.1152
45552.1152
54429.1042
54433.1152
45539.1152
45559.1152
45558.1152
45602.1111
45567.1152
54527.1177
54501.1177
45498.1177
45548.1152
45541.1152
45476.1177
54418.1042
54460.1152
54486.1177
45515.1177
45490.1177
45491.1177
54512.1177
45497.1177
45583.1042
45493.1177
45489.1177
45536.1152
45479.1177
45544.1152
45582.1042
45585.1042
32174.1634
51363.1023
51290.1686
51300.1686
51416.1023
51417.1023
51454.1273
51460.1273
50506.1273
45495.1177
54428.1042
54535.1082
45500.1177
54537.1082
54536.1082
54538.1082
54385.1084
54535.1082
54428.1042
45493.1177
45583.1042
45537.1152
45591.1111
45495.1177
45488.1177
45496.1177
45575.1042
45481.1177
45584.1042
45582.1042
45522.1152
45467.1177
45479.1177
54388.1084
45579.1042
45509.1177
45474.1177
45477.1177
45546.1152
45539.1152
45507.1177
45473.1177
45568.1152
45561.1152
45519.1189
45492.1177
45585.1042
45489.1177
54538.1082
45462.1082
45533.1152
45539.1152
54432.1152
54481.1189
45553.1152
45523.1152
54432.1152
45549.1152
45562.1152
45508.1177
45601.1111
54481.1189
45553.1152
45508.1177
45601.1111
54539.1082
45508.1177
45553.1152
54432.1152
45585.1042
54481.1189
4782.2160
1807.2160
45613.1084
45463.1082
54536.1082
54432.1152
45553.1152
45489.1177
45601.1111
54385.1084
45561.1152
45492.1177
45539.1152
45508.1177
54481.1189
45585.1042
45539.1152
45492.1177
54535.1082
45561.1152
54538.1082
45508.1177
45561.1152
54539.1082
54536.1082
45461.1082
54538.1082
45464.1082
45508.1177
45492.1177
45463.1082
54539.1082
45539.1152
45585.1042
45601.1111
45561.1152
54536.1082
45492.1177
45539.1152
45601.1111
50936.1783
50842.1781
50818.1781
1233.1794
50834.1781
50758.1780
2140.1794
40155.1794
40008.1794
50724.1784
9102.1794
8595.1794
35897.1794
10795.1794
47919.1794
29948.1794
4781.1794
4942.1794
47992.1794
11497.1794
11110.1794
10332.1794
50714.1783
9921.1794
2651.1794
50755.1781
50703.1783
36919.1794
10627.1794
32949.1794
9457.1794
9796.1794
3276.1794
42948.1794
10356.1794
46513.1794
50705.1783
37399.1794
1626.1794
51139.1780
51109.1781
51022.1836
51082.1780
51054.1836
51123.1781
50999.1836
49001.1836
50971.1836
51060.1836
48918.1780
51050.1836
50958.1836
50987.1836
51061.1836
51025.1836
50965.1836
51111.1781
48950.1836
51405.1023
48595.1023
51462.1273
51380.1023
51356.1023
51415.1023
51322.1023
51476.1273
51360.1023
50506.1273
45575.1042
54385.1084
54538.1082
54539.1082
54536.1082
54388.1084
54535.1082
45492.1177
45489.1177
54432.1152
45546.1152
45479.1177
45553.1152
45579.1042
54481.1189
45539.1152
45568.1152
45585.1042
45496.1177
54538.1082
45467.1177
51387.1023
48613.1023
54263.1111
54268.1042
54274.1042
54373.1005
54281.1152
54380.1082
54341.1153
54269.1042
54265.1042
54320.1153
54305.1153
54275.1152
54346.1153
54340.1153
54352.1153
54372.1005
54358.1153
54357.1153
54313.1153
54347.1153
54261.1111
54320.1153
54295.1153
54326.1153
54314.1153
54433.1152
54501.1177
54538.1082
54512.1177
45495.1177
45477.1177
54428.1042
54418.1042
45591.1111
45582.1042
45493.1177
45575.1042
54521.1177
54505.1177
45584.1042
54527.1177
45488.1177
54460.1152
54433.1152
45601.1111
54498.1177
45475.1177
54429.1042
54531.1177
45581.1042
45539.1152
45561.1152
45508.1177
45573.1042
45583.1042
45492.1177
54535.1082
45481.1177
54385.1084
54537.1082
45473.1177
45467.1177
54501.1177
54512.1177
45582.1042
45539.1152
54428.1042
45568.1152
54539.1082
54481.1189
45477.1177
45493.1177
45473.1177
45585.1042
45495.1177
45481.1177
54481.1189
45467.1177
45568.1152
45539.1152
45492.1177
45591.1111
45561.1152
54418.1042
30003.2160
369.2160
26633.2160
54539.1082
54535.1082
45473.1177
45539.1152
54537.1082
45573.1042
45508.1177
45477.1177
54418.1042
45583.1042
54481.1189
45496.1177
54460.1152
54433.1152
54498.1177
45488.1177
45493.1177
45561.1152
54429.1042
45539.1152
45492.1177
45568.1152
45475.1177
54537.1082
54531.1177
45467.1177
54481.1189
45539.1152
54418.1042
45601.1111
54481.1189
54387.1084
45496.1177
45473.1177
45508.1177
45581.1042
54531.1177
45613.1084
45492.1177
45568.1152
45467.1177
45591.1111
45477.1177
45583.1042
54535.1082
54501.1177
54481.1189
54512.1177
54429.1042
54428.1042
45601.1111
45539.1152
45495.1177
45481.1177
45579.1042
45585.1042
45582.1042
45475.1177
45573.1042
45553.1152
54538.1082
51307.1023
51433.1023
51302.1686
51431.1023
17344.1023
17531.1273
51320.1023
51351.1023
51310.1023
51382.1023
50506.1273
54385.1084
54539.1082
54537.1082
54387.1084
45481.1177
45477.1177
45473.1177
45579.1042
45539.1152
45553.1152
45583.1042
45508.1177
45492.1177
54531.1177
45496.1177
54418.1042
45573.1042
45495.1177
45585.1042
45475.1177
45467.1177
45568.1152
45581.1042
54535.1082
54536.1082
45582.1042
54385.1084
54512.1177
45546.1152
54501.1177
54481.1189
45539.1152
54429.1042
45591.1111
45601.1111
54432.1152
45489.1177
45475.1177
45539.1152
45582.1042
45475.1177
54538.1082
54536.1082
54313.1153
45687.1153
51287.1686
51455.1273
22573.1273
54358.1153
54314.1153
54370.1005
54315.1153
54313.1153
54316.1153
54366.1005
54344.1153
54303.1153
54366.1005
54334.1837
54258.1084
54320.1153
54280.1152
54343.1153
54318.1153
54351.1153
54252.1084
54268.1042
54274.1042
54265.1042
54367.1005
54372.1005
54333.1153
54272.1042
54519.1177
45475.1177
45573.1042
54432.1152
45568.1152
45585.1042
45495.1177
54489.1177
54497.1177
45496.1177
54408.1111
45539.1152
54537.1082
54497.1177
54512.1177
54483.1189
45581.1042
45489.1177
54418.1042
54501.1177
45546.1152
54429.1042
45479.1177
54481.1189
45467.1177
54535.1082
54538.1082
54536.1082
54385.1084
54489.1177
45546.1152
45581.1042
54501.1177
54418.1042
45582.1042
54387.1084
54536.1082
54432.1152
45568.1152
45495.1177
54388.1084
54387.1084
54535.1082
54418.1042
54497.1177
54512.1177
45539.1152
45582.1042
45489.1177
54408.1111
45475.1177
54537.1082
45479.1177
51467.1273
48533.1273
51417.1023
51441.1023
50513.1273
54535.1082
45539.1152
54387.1084
54501.1177
54429.1042
54483.1189
45581.1042
54512.1177
45496.1177
54470.1152
54481.1189
54497.1177
45546.1152
45582.1042
45573.1042
45602.1111
45489.1177
54489.1177
45467.1177
45479.1177
54498.1177
54387.1084
54519.1177
54408.1111
54418.1042
54537.1082
45530.1152
54501.1177
54489.1177
54500.1177
54418.1042
45489.1177
45539.1152
45602.1111
45467.1177
45573.1042
54537.1082
45479.1177
54535.1082
45613.1084
45463.1082
54385.1084
54538.1082
54489.1177
54538.1082
54429.1042
45475.1177
54512.1177
54501.1177
54481.1189
54483.1189
45581.1042
54497.1177
45496.1177
45495.1177
54432.1152
45568.1152
54489.1177
54481.1189
54483.1189
45585.1042
45539.1152
54501.1177
54512.1177
54429.1042
45475.1177
54497.1177
54536.1082
54432.1152
54497.1177
45496.1177
45475.1177
51326.1023
51477.1273
51356.1023
51315.1023
50513.1273
54501.1177
54489.1177
54429.1042
45539.1152
45582.1042
45568.1152
54512.1177
45585.1042
45581.1042
54432.1152
54536.1082
45496.1177
54388.1084
54501.1177
54432.1152
54536.1082
45475.1177
45539.1152
45496.1177
54432.1152
45495.1177
54538.1082
45581.1042
54536.1082
54531.1177
54536.1082
51326.1023
51400.1023
51464.1273
51451.1273
51319.1023
48681.1023
50513.1273
54536.1082
54432.1152
45539.1152
54512.1177
45496.1177
54501.1177
45495.1177
45581.1042
54531.1177
45591.1111
45539.1152
45585.1042
51416.1023
51422.1023
51383.1023
48617.1023
51411.1023
51371.1023
51357.1023
48643.1023
51467.1273
51452.1273
48548.1273
48533.1273
51410.1023
51419.1023
51381.1023
50513.1273
54538.1082
53119.1680
53118.1680
53066.1030
53102.1030
53174.1782
46882.1680
53107.1030
53096.1030
53050.1030
53056.1030
46826.1782
52404.1680
52475.1680
52396.1680
52414.1680
52497.1680
52491.1680
52417.1680
52580.1627
52579.1627
52517.1680
52550.1782
52506.1680
52586.1627
52406.1680
52498.1680
52411.1680
52540.1782
52409.1680
52578.1627
52410.1680
52423.1680
52469.1680
52099.1106
47901.1106
52111.1106
52141.1107
52122.1106
52044.1106
47956.1106
52115.1106
52152.1782
52053.1106
52091.1106
47947.1106
52175.1782
47909.1106
47825.1782
52085.1106
47915.1106
52121.1106
52030.1106
52172.1782
52139.1107
52166.1782
52140.1107
52147.1107
52119.1106
52009.1106
52174.1782
52109.1106
52083.1106
47826.1782
47917.1106
52153.1782
52131.1107
47847.1782
52188.1627
47853.1107
52018.1106
52103.1106
52062.1106
52186.1627
47970.1106
52029.1106
52067.1106
52017.1106
47983.1106
52016.1106
57388.1776
42612.1776
57367.1782
57431.1776
57379.1776
57401.1776
42633.1782
50763.2081
50762.2081
49237.2081
52032.2074
47968.2074
52243.2073
50694.2073
47757.2073
52070.2074
47930.2074
52052.2074
52034.2074
52054.2074
47948.2074
52192.2073
47966.2074
52188.2073
52202.2073
47946.2074
52045.2074
52089.2071
47798.2073
47808.2073
52030.2074
47812.2073
47970.2074
52108.2071
47892.2071
52055.2074
52035.2074
52228.2073
52064.2074
47965.2074
52237.2073
52187.2073
47763.2073
52116.2071
52240.2073
47813.2073
52215.2073
52170.2072
47760.2073
47785.2073
47830.2072
52021.2074
52070.2074
52139.2072
52242.2073
52060.2074
47940.2074
47758.2073
47861.2072
52214.2073
52200.2073
47786.2073
47800.2073
52160.2072
52221.2073
52076.1110
52177.2072
52155.2072
52032.2074
52148.2072
52185.2072
47968.2074
47852.2072
47815.2072
52075.1110
52245.2073
52194.2073
47806.2073
47924.1110
47755.2073
52158.2072
52184.2072
47842.2072
52208.2073
52183.2072
47817.2072
52203.2073
47792.2073
52179.2072
52175.2072
47825.2072
52223.2073
52233.2073
52239.2073
47777.2073
47761.2073
47767.2073
52084.1166
52159.2072
52048.2074
47841.2072
47952.2074
47916.1166
52193.2073
52121.2071
52173.2072
52219.2073
47807.2073
52042.2074
52213.2073
52230.2073
52090.2071
47772.2073
47827.2072
47770.2073
47787.2073
52133.2072
52069.2074
47867.2072
52234.2073
47931.2074
47766.2073
52236.2073
52130.1085
52114.2071
47886.2071
47955.2074
52078.1110
52103.2071
52220.2073
52152.2072
47780.2073
52028.2074
47848.2072
52131.2072
52143.2072
47869.2072
52115.2071
47857.2072
47972.2074
52196.2073
47804.2073
52039.2074
52224.2073
52102.2071
52098.2071
52123.2071
52157.2072
52169.2072
47898.2071
47877.2071
47843.2072
52095.2071
47961.2074
52043.2074
52125.2071
52167.2072
52244.2073
52204.2073
52178.2072
47957.2074
47875.2071
47756.2073
47796.2073
52226.2073
47774.2073
52163.2072
47837.2072
52191.2073
47809.2073
52079.1110
52031.2074
47969.2074
50694.2073
50753.2081
50764.2081
52348.2069
52319.2070
52296.2070
47704.2070
52400.1161
52333.2069
52320.2070
52334.2069
52292.2070
47708.2070
47666.2069
52389.1070
52327.2069
52249.2070
52272.2070
52274.2070
52326.2069
52298.2070
52397.1161
52330.2069
47702.2070
52376.1141
52365.1141
47674.2069
52404.1068
52368.1141
47670.2069
52251.2070
52383.1070
47749.2070
52287.2070
52363.1141
47596.1068
47713.2070
52340.2069
52335.2069
52265.2070
52252.2070
52336.2069
47660.2069
52350.2069
52250.2070
52284.2070
47716.2070
47748.2070
52386.1070
52309.2070
52414.1068
52354.2069
52307.2070
52259.2070
52260.2070
52394.1161
47614.1070
52302.2070
52373.1141
47664.2069
52337.2069
52273.2070
52282.2070
52280.2070
47720.2070
47718.2070
52447.2070
52457.2070
52449.2070
52612.1161
52603.1070
52431.2070
52597.1070
47397.1070
52635.1084
52564.2069
52566.2069
52562.2069
52585.2069
52520.2069
52573.2069
52523.2069
47436.2069
52560.2069
47438.2069
47434.2069
47440.2069
47427.2069
52557.2069
52547.2069
52617.1068
47480.2069
52553.2069
52424.2070
52622.1068
47383.1068
47378.1068
47447.2069
52558.2069
52611.1161
52527.2069
52441.2070
52432.2070
52602.1070
52516.2069
52515.2069
52488.2069
52442.2070
52521.2069
52457.2070
47512.2069
47543.2070
47398.1070
52605.1070
52633.1084
52499.2069
52628.1068
52591.1141
47473.2069
52623.1068
52433.2070
52554.2069
52553.2069
52509.2069
52587.1141
47447.2069
47558.2070
52452.2070
52536.2069
47548.2070
52600.1070
52428.2070
52493.2069
52576.2069
52615.1161
47491.2069
47446.2069
47567.2070
47484.2069
47507.2069
47400.1070
52510.2069
52491.2069
52525.2069
52494.2069
52444.2070
52435.2070
52478.2069
52621.1068
52529.2069
52586.1141
52594.1141
52575.2069
52465.2070
52556.2069
52578.2069
52574.2069
52454.2070
47535.2070
47546.2070
47522.2069
52568.2069
52511.2069
47489.2069
47580.2070
52627.1068
52480.2069
52539.2069
52514.2069
52630.1068
47373.1068
52525.2069
52437.2070
47520.2069
52526.2069
52560.2069
52588.1141
52563.2069
47475.2069
47461.2069
52583.2069
52512.2069
47474.2069
52561.2069
52490.2069
52520.2069
52456.2070
52550.2069
52484.2069
52458.2070
52423.2070
47450.2069
52426.2070
47574.2070
52618.1068
52599.1070
52429.2070
52581.2069
52537.2069
47516.2069
47463.2069
47401.1070
52451.2070
47382.1068
52474.2070
47365.1084
52487.2069
52457.2070
47543.2070
52418.2070
47582.2070
52535.2069
52538.2069
47462.2069
52501.2069
52461.2070
52523.2069
47539.2070
52569.2069
47501.2069
52493.2069
52542.2069
52598.1070
52505.2069
52502.2069
52581.2069
52459.2070
52621.1068
47541.2070
52422.2070
52438.2070
47578.2070
52605.1070
52529.2069
52606.1161
52590.1141
52513.2069
52634.1084
47395.1070
52579.2069
47366.1084
52604.1070
52417.2070
47583.2070
52540.2069
52610.1161
52489.2069
52520.2069
52475.2070
52504.2069
47525.2070
52507.2069
52626.1068
52436.2070
52570.2069
52549.2069
52551.2069
52425.2070
52416.2070
47584.2070
47575.2070
52427.2070
52440.2070
52584.2069
52463.2070
52521.2069
52472.2070
52426.2070
52534.2069
52629.1068
52596.1070
47528.2070
47537.2070
52424.2070
47404.1070
52619.1068
52471.2070
52541.2069
52582.2069
52607.1161
52476.2069
52620.1068
52571.2069
52498.2069
47524.2069
52559.2069
52592.1141
47380.1068
52632.1083
52545.2069
47549.2070
47455.2069
52518.2069
52625.1068
52446.2070
52477.2069
47368.1083
52460.2070
52516.2069
52434.2070
52593.1141
52462.2070
47554.2070
47540.2070
47538.2070
52555.2069
52589.1141
52488.2069
47429.2069
52629.1068
47371.1068
52619.1068
52487.2069
47381.1068
52533.2069
52515.2069
52602.1070
52455.2070
52580.2069
52473.2070
47527.2070
47400.1070
52503.2069
52608.1161
52497.2069
52613.1161
47545.2070
47503.2069
52442.2070
52441.2070
47559.2070
52448.2070
52530.2069
52467.2070
52493.2069
52575.2069
52450.2070
47470.2069
52524.2069
52546.2069
52492.2069
52637.1084
52490.2069
52636.1084
52528.2069
52537.2069
52594.1141
47430.2069
52505.2069
47563.2070
52496.2069
52456.2070
47453.2069
52421.2070
52538.2069
52531.2069
47579.2070
52424.2070
47576.2070
52466.2070
52616.1068
52439.2070
52470.2070
47384.1068
52429.2070
52572.2069
47571.2070
52483.2069
52522.2069
52465.2070
47478.2069
52595.1141
52594.1141
52567.2069
52506.2069
52624.1068
52615.1161
52632.1083
47433.2069
47494.2069
52483.2069
52426.2070
52482.2069
47552.2070
52609.1161
52614.1161
52439.2070
52457.2070
47383.1068
47561.2070
52601.1070
47399.1070
52501.2069
52559.2069
52596.1070
52541.2069
52521.2069
52624.1068
47479.2069
52535.2069
47437.2069
52458.2070
47542.2070
47565.2070
52478.2069
52498.2069
52572.2069
52598.1070
52461.2070
52599.1070
52429.2070
52569.2069
47431.2069
51432.1023
51319.1023
51415.1023
51422.1023
48706.1686
48582.1023
51362.1023
48638.1023
51307.1686
51305.1686
50513.1273
54501.1177
54492.1177
54418.1042
54428.1042
54521.1177
54537.1082
54536.1082
54503.1177
54442.1152
54411.1042
54419.1042
54535.1082
54539.1082
54395.1111
54486.1177
45585.1042
54531.1177
54518.1177
54514.1177
54519.1177
54468.1152
54432.1152
54533.1177
54485.1177
45539.1152
54434.1152
54503.1177
54505.1177
45477.1177
45569.1152
54531.1177
54472.1152
54418.1042
54480.1189
54497.1177
54521.1177
45479.1177
45537.1152
54460.1152
45541.1152
54498.1177
54408.1111
54437.1152
45605.1111
54429.1042
54490.1177
54413.1042
54489.1177
54428.1042
54516.1177
45553.1152
45591.1111
54501.1177
54512.1177
45488.1177
54436.1152
54391.1111
54421.1042
45579.1042
54442.1152
45495.1177
54482.1189
54453.1152
54509.1177
54471.1152
45538.1152
45480.1177
54536.1082
54510.1177
54500.1177
45464.1082
45568.1152
45492.1177
45475.1177
54462.1095
54462.1134
54483.1189
54411.1076
45538.1134
54506.1280
45496.1177
45589.1076
54411.1042
45589.1042
54492.1177
54506.1177
45582.1042
54462.1152
45538.1152
45573.1042
54475.1655
54447.1109
54440.1682
51300.1686
45699.1273
51398.1023
51479.1273
51422.1023
51408.1023
51329.1023
51363.1023
51361.1023
51475.1273
51432.1023
51412.1023
51307.1686
51427.1023
51319.1023
48447.1023
48775.1273
50513.1273
54468.1152
54537.1082
54387.1084
54486.1177
54518.1177
54440.1152
54411.1042
45473.1177
45585.1042
54419.1042
45581.1042
45546.1152
54447.1152
45476.1177
54514.1177
54395.1111
45538.1152
54432.1152
45573.1042
45481.1177
45508.1177
54475.1152
54533.1177
45539.1152
45539.1152
54468.1152
54388.1084
45575.1042
54538.1082
45508.1177
54533.1177
54468.1152
54533.1177
45539.1152
54388.1084
54468.1152
54385.1084
45575.1042
45481.1177
45508.1177
54468.1152
54388.1084
54539.1082
45539.1152
54385.1084
54468.1152
45575.1042
54539.1082
45481.1177
54468.1152
45481.1177
54388.1084
45508.1177
51383.1023
51420.1023
51460.1273
51407.1023
51324.1023
50513.1273
54385.1084
54539.1082
54468.1152
45508.1177
54539.1082
45508.1177
54385.1084
51346.1023
48654.1023
51379.1023
48621.1023
51363.1023
51383.1023
51445.1273
51431.1023
50513.1273
51480.1273
50513.1273
54458.1152
45539.1152
54458.1152
45508.1177
54533.1177
54385.1084
54535.1082
54385.1084
54533.1177
45508.1177
54533.1177
54535.1082
54533.1177
54388.1084
51349.1023
51423.1023
51441.1023
51321.1023
51437.1023
51346.1023
51309.1686
11760.1023
11902.1273
51314.1023
51467.1273
48652.1023
50513.1273
45508.1177
54458.1152
54533.1177
54539.1082
54453.1635
51296.1686
43036.1023
43135.1273
51295.1686
51361.1023
48639.1023
48705.1686
51349.1023
48651.1023
51441.1023
51303.1686
51455.1273
45783.1023
45917.1273
51309.1686
51356.1023
51416.1023
51452.1273
50513.1273
54533.1177
54458.1152
54468.1152
54453.1152
54533.1177
54468.1152
45575.1042
45508.1177
45539.1152
54388.1084
54539.1082
54533.1177
45481.1177
54535.1082
45539.1152
54468.1152
45508.1177
54535.1082
45465.1082
45539.1152
45575.1042
54458.1152
54468.1152
45539.1152
45508.1177
2917.1139
37656.1139
34844.1139
51411.1023
48589.1023
51451.1273
51414.1023
51401.1023
51374.1023
50513.1273
54533.1177
54468.1152
45508.1177
45539.1152
45575.1042
54535.1082
45539.1152
45481.1177
54535.1082
54539.1082
45481.1177
45508.1177
54539.1082
45508.1177
45575.1042
45481.1177
45508.1177
45613.1084
45481.1177
45508.1177
45575.1042
54385.1084
54388.1084
54385.1084
45465.1082
45481.1177
54539.1082
45508.1177
45539.1152
45575.1042
45481.1177
45575.1042
45481.1177
54539.1082
45575.1042
38760.1672
27234.1752
37181.1174
24811.1242
27793.1204
32727.1195
33203.1116
40645.1005
39666.1055
40703.1042
20937.1134
62819.1174
66797.1116
51349.1023
51321.1023
54346.1153
54286.1153
54329.1153
54339.1153
54306.1153
54305.1153
54358.1153
54280.1152
54325.1153
54312.1030
54359.1153
45688.1030
54256.1084
54326.1153
54322.1153
54258.1084
54367.1005
54362.1153
54295.1153
54333.1153
54360.1153
54368.1005
54477.1152
54539.1082
42758.1676
20944.1302
32491.1671
44157.1774
79056.1302
44308.1392
17051.1178
31366.1030
20287.1016
46550.1057
39262.1072
821.1165
32531.1014
79713.1016
53450.1057
45480.1177
33617.1693
24871.1145
46499.1278
53501.1278
14977.1126
67469.1014
36534.1020
54539.1082
41302.1706
45539.1152
54477.1152
54468.1152
54533.1177
54388.1084
54500.1177
54510.1177
45481.1177
54385.1084
45539.1152
54510.1177
45481.1177
45613.1084
54510.1177
54500.1177
45481.1177
54500.1177
51062.1836
51087.1780
51121.1781
50984.1836
50985.1836
51026.1836
51002.1836
48998.1836
51090.1780
49015.1836
50970.1836
51072.1780
49029.1836
51074.1780
51005.1836
51003.1836
50967.1836
50973.1836
51001.1836
49033.1836
51088.1780
51063.1836
50947.1836
51016.1836
51042.1836
51033.1836
49053.1836
48958.1836
50995.1836
49005.1836
51133.1781
48984.1836
51092.1780
51110.1781
51032.1836
50969.1836
51034.1836
51028.1836
48967.1836
51132.1781
48928.1780
51093.1780
50959.1836
50999.1836
51006.1836
51045.1836
48994.1836
51024.1836
51009.1836
48976.1836
51018.1836
48991.1836
48982.1836
50981.1836
51071.1780
50968.1836
50994.1836
51076.1780
50992.1836
48929.1780
51119.1781
51035.1836
50949.1836
50938.1836
48965.1836
51015.1836
49051.1836
49031.1836
50939.1836
51120.1781
50950.1836
51042.1836
49001.1836
50982.1836
49050.1836
50955.1836
49018.1836
51065.1836
51041.1836
48935.1836
51015.1836
50941.1836
48985.1836
50993.1836
51023.1836
51084.1780
50961.1836
49007.1836
51058.1836
48977.1836
49059.1836
50948.1836
49052.1836
49045.1836
51030.1836
51038.1836
51115.1781
51057.1836
51004.1836
50946.1836
51134.1781
51103.1781
51007.1836
48866.1781
51137.1781
48863.1781
48943.1836
48993.1836
50973.1836
51067.1836
50972.1836
48933.1836
49028.1836
50960.1836
49040.1836
51122.1781
50951.1836
48878.1781
50986.1836
48881.1781
51054.1836
51078.1780
49014.1836
51127.1781
50974.1836
50980.1836
49005.1836
48926.1780
50978.1836
48996.1836
51063.1836
48922.1780
51114.1781
51077.1780
51027.1836
51025.1836
51047.1836
51079.1780
48923.1780
48886.1781
48921.1780
51135.1781
48975.1836
51021.1836
51044.1836
51113.1781
51049.1836
51016.1836
48979.1836
50991.1836
51037.1836
48984.1836
48916.1780
49009.1836
51403.1023
51317.1023
54264.1111
54315.1153
54324.1153
54335.1153
54375.1005
54368.1005
54272.1042
54333.1153
54286.1153
54380.1082
45714.1153
54538.1082
54537.1082
54432.1152
54453.1152
54423.1042
54535.1082
54387.1084
54486.1177
54518.1177
54471.1152
54458.1152
54454.1152
54494.1177
54483.1189
45512.1177
54468.1152
54482.1189
54390.1111
45496.1177
54512.1177
54492.1177
54500.1177
45476.1177
54411.1042
54527.1177
54433.1152
54442.1152
54477.1152
54490.1177
54533.1177
54489.1177
45473.1177
54501.1177
54514.1177
54423.1042
54395.1111
54471.1152
54521.1177
45489.1177
45537.1152
45481.1177
45553.1152
54410.1042
54453.1152
45480.1177
54432.1152
45546.1152
45568.1152
54518.1177
54510.1177
54527.1177
54490.1177
54391.1111
54514.1177
54477.1152
54510.1177
54432.1152
54492.1177
45568.1152
54533.1177
45496.1177
45585.1042
54411.1042
54512.1177
54518.1177
54433.1152
45492.1177
54431.1152
54501.1177
54434.1152
54489.1177
45508.1177
54428.1042
45546.1152
45488.1177
54500.1177
45569.1152
54486.1177
54442.1152
54497.1177
45573.1042
45575.1042
45477.1177
45539.1152
45476.1177
45538.1152
45591.1111
54536.1082
54419.1042
45581.1042
45464.1082
54477.1152
54527.1177
45539.1152
54454.1152
54388.1084
54483.1189
54454.1152
54458.1152
54494.1177
54477.1152
54390.1111
54391.1111
54527.1177
54482.1189
54514.1177
54468.1152
54385.1084
54458.1152
54483.1189
54419.1042
45538.1152
45591.1111
54538.1082
54454.1152
45473.1177
54390.1111
54514.1177
54391.1111
54468.1152
54477.1152
45539.1152
54527.1177
54514.1177
51451.1273
48549.1273
51479.1273
51372.1023
48521.1273
51449.1273
51435.1023
51430.1023
51395.1023
50513.1273
54535.1082
54388.1084
54494.1177
54454.1152
54390.1111
54391.1111
54468.1152
54538.1082
54385.1084
54454.1152
54468.1152
54494.1177
54537.1082
54477.1152
54482.1189
54527.1177
54454.1152
54387.1084
54468.1152
54514.1177
54494.1177
45581.1042
54391.1111
45591.1111
54454.1152
45539.1152
45476.1177
45613.1084
45512.1177
54390.1111
54527.1177
45473.1177
54539.1082
54388.1084
54537.1082
54494.1177
54477.1152
54385.1084
54503.1494
45497.1494
54494.1177
54514.1177
54482.1189
45539.1152
54503.1177
45497.1177
54468.1152
54477.1152
54539.1082
54514.1177
54515.1141
54538.1082
54472.1248
54482.1189
54388.1084
54385.1084
54482.1189
54527.1177
54472.1152
54539.1082
54494.1177
54385.1084
54538.1082
54468.1152
54477.1152
54514.1177
36687.1794
51016.1836
51080.1780
51094.1780
51118.1781
50980.1836
51028.1836
50954.1836
50967.1836
48984.1836
51066.1836
51056.1836
50979.1836
51116.1781
49046.1836
51047.1836
48906.1780
50997.1836
51019.1836
51046.1836
50989.1836
48953.1836
50983.1836
48954.1836
51129.1781
48944.1836
59137.1253
56386.1880
56460.1031
56440.1880
56414.1880
43586.1880
56463.1031
56360.1881
56394.1880
56366.1881
56376.1139
56457.1031
56435.1880
56338.1881
56445.1880
56458.1031
56361.1881
43565.1880
56368.1881
56346.1881
56345.1881
56454.1031
56359.1881
56447.1031
56464.1031
56352.1881
56449.1031
56423.1880
43659.1881
43641.1881
43642.1881
56468.1881
56486.1881
56543.1880
56494.1881
56550.1880
56609.1882
56652.1883
56581.1884
56645.1882
56674.1883
43326.1883
56574.1884
56662.1883
43404.1882
43426.1884
56647.1083
56667.1883
56618.1882
56649.1083
56605.1882
56587.1882
56633.1882
56563.1081
56598.1882
56610.1882
56607.1882
43393.1882
43371.1882
56654.1883
43346.1883
56635.1882
43365.1882
56586.1884
56675.1883
56658.1883
43342.1883
56585.1884
56562.1081
56696.1082
56685.1883
43315.1883
56664.1883
56595.1882
56681.1883
56692.1082
43419.1884
43427.1884
56571.1081
56653.1883
56580.1884
43347.1883
56641.1882
43359.1882
43420.1884
56639.1882
56638.1882
43362.1882
56567.1081
56591.1882
56643.1882
43388.1882
56672.1883
56600.1882
43328.1883
56620.1882
43380.1882
56680.1883
43344.1883
43343.1883
56588.1882
56606.1882
56603.1882
43394.1882
56659.1883
56678.1883
56632.1882
56661.1883
56644.1882
56660.1883
43368.1882
56615.1882
56604.1882
43385.1882
56593.1882
56677.1883
56637.1882
56582.1884
56640.1882
56631.1882
43360.1882
56625.1882
56655.1883
56574.1884
56617.1882
56609.1882
43383.1882
56626.1882
43374.1882
56605.1882
43384.1882
56674.1883
56614.1882
56587.1882
56607.1882
56633.1882
56667.1883
56646.1882
43344.1883
43361.1882
43409.1882
43369.1882
56618.1882
56601.1882
56588.1882
56662.1883
56624.1882
43337.1883
56619.1882
56659.1883
43418.1884
56572.1884
43428.1884
56642.1882
43358.1882
56622.1882
43378.1882
56604.1882
56593.1882
43426.1884
56610.1882
56670.1883
43330.1883
56623.1882
56654.1883
56634.1882
56563.1081
56686.1883
56599.1882
43319.1883
43343.1883
56615.1882
56647.1083
43405.1882
56680.1883
43395.1882
43425.1884
56689.1082
56597.1882
43403.1882
56606.1882
56589.1882
43394.1882
43411.1882
56682.1883
56694.1082
56661.1883
56650.1083
43339.1883
56646.1882
56564.1081
56679.1883
43407.1882
43321.1883
56579.1884
43367.1882
43335.1883
56678.1883
43336.1883
43322.1883
43385.1882
43320.1883
56652.1883
43413.1882
56660.1883
56627.1882
43373.1882
56620.1882
54480.1189
45539.1152
45538.1152
54477.1152
54468.1152
54518.1177
54483.1189
54514.1177
54515.1177
54527.1177
45473.1177
54454.1152
54490.1177
54419.1042
54494.1177
54442.1152
54479.1152
54432.1152
45568.1152
54391.1111
54512.1177
54538.1082
54458.1152
54510.1177
45477.1177
54390.1111
54387.1084
54385.1084
54539.1082
54510.1177
54458.1152
45476.1177
45581.1042
54390.1111
54432.1152
45539.1152
45568.1152
54479.1152
54458.1152
54432.1152
54537.1082
54482.1189
54390.1111
54512.1177
45512.1177
54391.1111
54479.1152
54482.1189
54432.1152
54458.1152
54479.1152
54458.1152
54391.1111
54442.1152
45575.1042
54479.1152
54512.1177
45539.1152
45476.1177
45512.1177
54390.1111
45581.1042
54510.1177
54391.1111
54494.1177
54442.1152
54482.1189
45539.1152
54390.1111
54432.1152
54419.1042
54510.1177
54537.1082
45568.1152
45575.1042
45581.1042
54527.1177
54514.1177
54391.1111
45473.1177
54391.1111
54442.1152
54494.1177
54518.1177
54454.1152
54483.1189
45473.1177
45539.1152
45568.1152
54538.1082
45575.1042
45573.1042
45581.1042
54388.1084
54514.1177
45539.1152
54500.1177
54486.1177
54477.1152
54391.1111
45569.1152
54497.1177
54527.1177
54480.1189
54388.1084
45581.1042
54468.1152
45573.1042
54454.1152
45539.1152
45568.1152
45473.1177
54477.1152
45539.1152
54480.1189
54500.1177
54486.1177
54391.1111
54527.1177
54497.1177
54483.1189
54387.1084
45613.1084
54535.1082
45465.1082
54494.1177
45473.1177
54468.1152
54510.1177
45581.1042
54442.1152
45539.1152
54483.1189
45569.1152
54497.1177
45573.1042
45568.1152
54518.1177
54442.1152
54419.1042
45539.1152
45581.1042
54518.1177
54494.1177
54510.1177
45473.1177
54390.1111
45539.1152
45512.1177
54432.1152
45539.1152
45473.1177
54442.1152
54510.1177
54482.1189
54494.1177
54512.1177
54458.1152
54518.1177
54432.1152
45539.1152
45476.1177
45539.1152
54510.1177
54482.1189
54536.1082
54538.1082
54494.1177
54390.1111
45473.1177
45512.1177
54535.1082
54385.1084
54535.1082
54432.1152
54458.1152
54512.1177
54442.1152
54479.1152
45476.1177
54385.1084
45539.1152
45465.1082
54388.1084
45477.1177
54387.1084
45476.1177
54479.1152
54512.1177
45539.1152
45480.1177
54479.1152
54537.1082
54512.1177
45613.1084
45476.1177
54479.1152
45480.1177
45477.1177
54385.1084
54512.1177
45476.1177
45539.1152
54385.1084
54479.1152
45480.1177
45477.1177
54539.1082
54431.1152
45539.1152
54431.1152
54442.1152
54431.1152
51447.1273
51338.1023
51465.1273
51449.1273
50513.1273
54539.1082
54431.1152
54442.1152
54418.1042
54442.1152
45465.1082
45477.1177
54385.1084
54418.1042
54432.1152
45539.1152
54537.1082
54385.1084
54387.1084
45539.1152
54442.1152
51408.1023
51300.1686
10037.1023
10233.1273
51374.1023
51451.1273
48636.1023
51441.1023
50513.1273
54388.1084
54418.1042
54442.1152
54494.1177
45477.1177
45539.1152
54482.1189
54431.1152
54390.1111
5097.1273
51346.1023
51323.1023
51367.1023
51427.1023
4859.1023
51409.1023
51443.1023
48557.1023
51453.1273
51425.1023
51343.1023
51433.1023
51428.1023
51328.1023
51303.1686
50513.1273
54431.1152
54432.1152
54497.1177
54482.1189
54494.1177
54490.1177
54390.1111
54518.1177
45569.1152
45512.1177
54419.1042
45568.1152
54510.1177
45581.1042
45477.1177
45573.1042
54536.1082
54500.1177
45508.1177
54483.1189
54429.1042
54468.1152
54477.1152
54486.1177
54527.1177
54391.1111
45464.1082
54454.1152
54514.1177
54538.1082
45575.1042
45539.1152
54537.1082
54388.1084
54518.1177
54432.1152
45568.1152
54494.1177
45573.1042
54518.1177
54497.1177
54431.1152
45569.1152
54482.1189
54390.1111
54490.1177
54419.1042
54388.1084
45539.1152
45512.1177
45581.1042
45477.1177
54537.1082
54432.1152
54527.1177
54468.1152
54429.1042
54454.1152
54514.1177
54477.1152
54486.1177
54391.1111
45539.1152
45575.1042
45477.1177
45568.1152
54483.1189
54434.1152
45539.1152
54433.1152
45508.1177
54483.1189
47056.2160
47940.2160
54483.1189
45561.1152
54387.1300
54431.1867
54431.1152
45568.1152
54434.1152
54433.1152
45601.1111
54538.1082
45496.1177
54536.1082
54500.1177
54537.1082
45464.1082
45508.1177
54483.1189
45601.1111
45496.1177
54538.1082
45561.1152
45539.1152
54387.1084
54536.1082
45613.1084
54464.1636
51544.1023
51448.1635
51455.1023
51520.1023
48545.1023
51519.1023
51601.1273
48480.1023
51501.1023
51574.1636
51607.1273
48393.1273
51609.1273
51554.1023
51585.1273
48391.1273
51433.1686
48567.1686
51605.1273
51512.1023
48415.1273
48395.1273
51577.1273
48481.1023
51604.1273
51458.1023
51445.1023
51574.1636
51610.1273
51494.1023
51553.1023
30067.1921
51503.1023
51590.1273
51515.1023
51606.1273
48410.1273
48497.1023
48485.1023
51440.1686
51467.1023
51483.1023
51600.1273
51586.1273
51524.1023
48517.1023
48533.1023
48426.1636
48476.1023
51542.1023
51482.1023
51492.1023
51459.1023
51560.1023
48440.1023
51608.1273
51463.1023
51518.1023
48482.1023
48414.1273
48458.1023
51612.1273
48388.1273
51527.1023
51596.1273
51526.1023
45070.1023
51439.1686
51538.1023
51464.1023
51441.1686
45729.1023
45739.1273
54271.1023
48396.1273
51469.1023
51495.1023
50643.1273
54485.1177
54537.1082
54464.1152
54475.1152
54493.1177
54494.1177
45602.1111
45480.1177
45493.1177
54471.1152
54449.1152
45539.1152
54531.1177
54539.1082
45508.1177
54531.1177
54428.1042
54418.1042
54485.1177
54523.1752
54504.1636
54539.1082
51487.1023
51442.1686
51502.1023
21957.1023
21959.1273
51569.1023
51490.1023
51433.1686
21915.1023
21917.1273
51500.1023
21781.1273
51593.1273
21779.1023
51534.1023
51582.1273
48466.1023
51564.1023
51551.1023
54539.1082
54504.1177
45508.1177
54485.1177
54523.1177
45464.1082
12613.2160
23002.2160
20491.2160
19474.2160
22516.2160
30069.2160
30092.2160
30721.2160
31623.2160
31784.2160
45481.1177
54431.1044
54471.1260
45465.1082
54431.1152
54471.1152
45539.1152
4932.2160
13203.2160
5560.2160
1251.2160
1558.2160
54396.1637
21520.2160
19858.2160
21491.2160
15759.2160
54514.1177
54429.1042
54477.1152
54532.1177
45539.1152
54391.1111
54396.1111
54433.1152
45925.2160
47423.2160
48551.2160
95.2160
45496.1177
54483.1189
45561.1152
54454.1152
54434.1152
1382.2160
4018.2160
10523.2160
6258.2160
45568.1152
45575.1042
8114.2160
32511.2160
45539.1152
45477.1177
3445.2160
2302.2160
2416.2160
6961.2160
5012.2160
26785.2160
45481.1177
54538.1082
28664.2160
40720.2160
46852.2160
47439.2160
2527.2160
270.2160
9033.2160
5941.2160
10780.2160
27562.2160
22340.2160
22680.2160
21232.2160
43746.2160
46727.2160
49380.2160
853.2160
5336.2160
23532.2160
16933.2160
19248.2160
20200.2160
54536.1082
30718.2160
30690.2160
30933.2160
34736.2160
35428.2160
28385.2160
32191.2160
35912.2160
35900.2160
36334.2160
37573.2160
41368.2160
47170.2160
48373.2160
25681.2160
47733.2160
43996.2160
49213.2160
7046.2160
10288.2160
5048.2160
7551.2160
8453.2160
9740.2160
15570.2160
45535.2160
14727.2160
14606.2160
21226.2160
45613.1084
29293.2160
10592.2160
23806.2160
26740.2160
27271.2160
54497.1177
31964.2160
32154.2160
32293.2160
32419.2160
45561.1152
54477.1152
54512.1177
54482.1189
54527.1177
54434.1152
54454.1152
54513.1177
54514.1177
54391.1111
54432.1152
54469.1152
45601.1111
54483.1189
54442.1152
54532.1177
54436.1152
45539.1152
54429.1042
54433.1152
54490.1177
12927.2160
13438.2160
13053.2160
13109.2160
17586.2160
45538.1152
54479.1152
9590.2160
45564.1152
12236.2160
21056.2160
21577.2160
25430.2160
25083.2160
29699.2160
23220.2160
30578.2160
32712.2160
54510.1177
45496.1177
54387.1084
54388.1084
45602.1111
45568.1152
45535.1152
45466.1177
45538.1152
45539.1152
45539.1152
45481.1177
45496.1177
45575.1042
54385.1084
45581.1042
45481.1177
54387.1084
45568.1152
45575.1042
54385.1084
45465.1082
45575.1042
45477.1177
45539.1152
54538.1082
54536.1082
45539.1152
45477.1177
13446.2160
13465.2160
14870.2160
21599.2160
25997.2160
11810.2160
18871.2160
23963.2160
31325.2160
49678.2160
20494.2160
10099.2160
18973.2160
45508.1177
54485.1177
45477.1177
45568.1152
54538.1082
29960.2160
18885.2160
23188.2160
45481.1177
47595.2160
54485.1177
30798.2160
24776.2160
26873.2160
34089.2160
45539.1152
44312.2160
45029.2160
43865.2160
43426.2160
34753.2160
41058.2160
45539.1152
45466.1177
45575.1042
54510.1177
3636.2160
3828.2160
2136.2160
3652.2160
45508.1177
45568.1152
45477.1177
8715.2160
15805.2160
10205.2160
17814.2160
37609.2160
54387.1084
54388.1084
54485.1177
45602.1111
45481.1177
45539.1152
45496.1177
45581.1042
45539.1152
45477.1177
54536.1082
54388.1084
54387.1084
45613.1084
54485.1177
45539.1152
45602.1111
45496.1177
45581.1042
54485.1177
45581.1042
54385.1084
54485.1177
45465.1082
54388.1084
33379.2160
33524.2160
35051.2160
45496.1177
54536.1082
19929.2160
24077.2160
27861.2160
45909.2160
18462.2160
45539.1152
39639.2160
38088.2160
43693.2160
29089.2160
24408.2160
26312.2160
32403.2160
13835.2160
45581.1042
45464.1082
54385.1084
54387.1084
45613.1084
54538.1082
54539.1082
45602.1111
54475.1152
54418.1042
45539.1152
54485.1177
54493.1177
54518.1177
54494.1177
45480.1177
54428.1042
45493.1177
54531.1177
45539.1152
54531.1177
54539.1082
45613.1084
45464.1082
45480.1177
54531.1177
45493.1177
45480.1177
45493.1177
45581.1042
54537.1082
54539.1082
54385.1084
45480.1177
45581.1042
54539.1082
45480.1177
45493.1177
45480.1177
45493.1177
45480.1177
54539.1082
54538.1082
54385.1084
45613.1084
45493.1177
45539.1152
45581.1042
54537.1082
54421.1016
54421.1042
54385.1084
45539.1152
45613.1084
45581.1042
45465.1082
45493.1177
45613.1084
54538.1082
54388.1084
54538.1082
54539.1082
45493.1177
54537.1082
54388.1084
45581.1042
45480.1177
45613.1084
45493.1177
41994.2160
18060.2160
5874.2160
17773.2160
45581.1042
45480.1177
21540.2160
2795.2160
5968.2160
45539.1152
54537.1082
44271.2160
31420.2160
827.2160
54531.1177
45539.1152
9496.2160
32057.2160
25675.2160
8306.2160
45493.1177
54518.1177
54428.1042
54531.1177
54385.1084
45808.2160
5911.2160
36466.2160
7186.2160
45539.1152
54539.1082
45493.1177
54518.1177
45581.1042
54428.1042
45480.1177
54388.1084
49694.2160
42065.2160
45539.1152
45493.1177
54531.1177
12275.2160
11219.2160
11420.2160
12261.2160
13007.2160
54539.1082
45539.1152
16953.1637
51521.1023
51541.1023
51584.1273
51542.1023
51558.1023
51531.1023
51496.1023
51513.1023
48487.1023
51576.1273
48469.1023
51497.1023
48424.1273
51537.1023
51590.1273
51602.1273
51588.1273
51597.1273
51600.1273
51498.1023
51435.1686
51550.1023
51544.1023
51457.1023
51437.1686
41573.1273
51470.1023
54428.1042
54385.1084
54531.1177
32466.1634
45539.1152
54475.1152
16863.1634
54494.1177
54485.1177
54387.1084
54518.1177
45602.1111
54418.1042
45479.1177
45539.1152
45613.1084
54433.1152
45601.1111
53363.1782
53435.1782
53373.1782
53379.1782
53385.1782
53409.1782
53463.1782
53504.1107
53498.1107
53391.1782
53394.1782
53371.1782
46629.1782
51436.1686
48508.1023
51480.1023
51559.1023
51557.1023
48443.1023
48483.1023
51471.1023
51529.1023
51438.1686
51611.1273
51560.1023
54391.1111
54539.1082
54537.1082
54475.1152
54428.1042
54531.1177
45602.1111
54493.1177
54385.1084
54483.1189
54433.1152
54494.1177
54538.1082
6134.2160
18608.2160
23034.2160
43613.2160
7667.2160
45493.1177
54485.1177
54418.1042
45581.1042
45601.1111
45479.1177
45480.1177
45539.1152
45464.1082
54387.1084
45613.1084
54391.1111
45481.1177
45465.1082
45539.1152
45496.1177
45539.1152
45568.1152
54387.1084
45613.1084
54536.1082
45464.1082
45477.1177
33640.2160
3125.2160
13073.2160
21274.2160
54388.1084
54470.1837
51425.1686
51594.1273
15427.1273
7654.1023
51579.1273
51424.1686
51608.1273
51479.1023
51598.1273
51582.1273
51507.1023
51476.1023
51535.1023
48493.1023
51571.1023
54518.1177
45465.1082
54510.1177
54492.1177
54391.1111
54470.1152
45539.1152
45568.1152
45480.1177
45575.1042
45496.1177
45477.1177
45481.1177
54536.1082
45496.1177
45575.1042
45481.1177
45480.1177
45539.1152
45496.1177
45575.1042
45477.1177
54388.1084
45496.1177
54388.1084
45568.1152
45480.1177
45496.1177
54387.1084
45613.1084
45477.1177
54536.1082
54388.1084
45539.1152
45568.1152
54387.1084
45613.1084
45496.1177
41824.1084
45539.1152
45480.1177
45613.1084
54388.1084
45480.1177
45496.1177
